
dsa
Update: 2024-01-27 18:12:33.077963
Update: 2024-01-27 18:18:13.577130
Update: 2024-01-27 18:20:05.166683
