
Update: 2024-01-28 10:32:13.249125
Update: 2024-01-29 10:32:13.423394
