Update: 2024-01-24 13:35:02.502817
Update: 2024-01-24 13:37:51.900795
Update: 2024-01-24 13:40:35.286660
